o CubeIstMeinName
v -33.253389 50 124.726363742
v -33.253389 50 124.726363742
v -33.253389 50 124.726363742
v -33.2533894421 50 124.726363742
v -33.2533894421 50 124.726363742
v -33.253389442 50 124.726363742
v -33.253389442 50 124.726363742
v -33.253389442 50 124.726363742
v -33.253389442 50 124.726363742
v -33.2533894421 50 124.726363742
v -33.253389442 50 124.726363742
v -33.253389442 50 124.726363742
v -33.253389442 50 124.726363742
v -33.253389442 50 124.726363742
v -33.253389442 50 124.726363742
v -33.253389442 50 124.726363742
v -33.253389442 50 124.726363742
v -33.253389442 50 124.726363742
v -33.253389442 50 124.726363742
v -33.253389442 50 124.726363742
v -33.2533894421 50 124.726363742
v -33.253389442 50 124.726363742
v -33.253389442 50 124.726363742
v -33.253389442 50 124.726363742
v -33.253389442 50 124.726363742
v -33.2533894421 50 124.726363742
v -33.2533894421 50 124.726363742
v -33.253389 50 124.726363742
v -33.253389 50 124.726363742
v -41.907376463 50 120.612460809
v -41.694358119 52.020619650 120.666458235
v -41.06526358 53.9467573721 120.825925652
v -40.049508629 55.688349105 121.083406542
v -38.694588817 57.163959956 121.426861385
v -37.063858696 58.304592002 121.84023061
v -35.233569395 59.056910556 122.304185540
v -33.28930320 59.385738038 122.797032151
v -31.3219718553 59.275698841 123.29572548
v -29.4235655708 58.731938275 123.776947197
v -27.6828517203 57.7798819812 124.218195894
v -26.181224148 56.464047051 124.598839277
v -24.9888972927 54.845960466 124.901078884
v -24.1616230305 53.001282155 125.110782329
v -23.7380837872 51.016267227 125.218144110
v -23.7380837872 48.983732772 125.218144110
v -24.1616230305 46.998717844 125.110782329
v -24.9888972927 45.154039533 124.901078884
v -26.181224148 43.535952948 124.598839277
v -27.6828517203 42.2201180187 124.218195894
v -29.4235655708 41.268061724 123.776947197
v -31.3219718553 40.724301158 123.29572548
v -33.289303205 40.6142619614 122.797032151
v -35.233569395 40.943089443 122.304185540
v -37.0638586969 41.695407997 121.84023061
v -38.694588817 42.836040043 121.426861385
v -40.049508629 44.311650894 121.083406542
v -41.06526358 46.0532426278 120.825925652
v -41.694358119 47.979380349 120.666458235
v -48.0930546237 50 113.418084635
v -47.703229265 53.689748866 113.51329670
v -46.551980992 57.206969176 113.794480884
v -44.693140892 60.3871996173 114.248489328
v -42.2136262644 63.0817361491 114.854093101
v -39.229376455 65.164585237 115.582974844
v -35.879931670 66.538355174 116.401052856
v -32.3219082252 67.138810005 117.270074720
v -28.7216753407 66.937873128 118.149405938
v -25.2475759057 65.94494012 118.997929960
v -22.0620549486 64.206439450 119.775970746
v -19.314063888 61.803661452 120.44714797
v -17.132095734 58.848957363 120.98007814
v -15.6181768905 55.4804858640 121.349842027
v -14.8430965203 51.8557529362 121.539149883
v -14.8430965203 48.1442470637 121.539149883
v -15.6181768905 44.5195141359 121.349842027
v -17.1320957342 41.151042636 120.98007814
v -19.314063888 38.196338547 120.44714797
v -22.06205494 35.793560549 119.775970746
v -25.2475759057 34.055059871 118.997929960
v -28.7216753407 33.062126871 118.149405938
v -32.321908225 32.861189994 117.270074720
v -35.8799316708 33.46164482 116.401052856
v -39.229376455 34.8354147622 115.582974844
v -42.213626264 36.9182638508 114.854093101
v -44.693140892 39.612800382 114.248489328
v -46.551980992 42.7930308239 113.794480884
v -47.703229265 46.310251133 113.51329670
v -51.865581969 50 103.055912280
v -51.33521962 55.0094890098 103.18056745
v -49.7689317601 59.784739881 103.548704239
v -47.2399562432 64.102467190 104.143108966
v -43.866545162 67.760778808 104.935987933
v -39.806435471 70.588616148 105.890267000
v -35.249473386 72.453752679 106.961325138
v -30.408737388 73.268976691 108.099080859
v -25.510574915 72.996169214 109.250333971
v -20.7840185982 71.648086424 110.361253156
v -16.450076958 69.28776317 111.379893069
v -12.7114002895 66.025565551 112.258623240
v -9.7428049578 62.01403029 112.956355222
v -7.6830991815 57.4407323372 113.440463844
v -6.6285925134 52.519514003 113.688312724
v -6.6285925134 47.480485996 113.688312724
v -7.68309918152 42.559267662 113.440463844
v -9.742804957 37.985969703 112.956355222
v -12.7114002895 33.974434448 112.258623240
v -16.4500769583 30.7122368277 111.379893069
v -20.7840185982 28.3519135759 110.361253156
v -25.510574915 27.003830785 109.250333971
v -30.4087373888 26.7310233085 108.099080859
v -35.2494733860 27.5462473203 106.961325138
v -39.8064354714 29.4113838518 105.89026700
v -43.866545162 32.2392211919 104.935987933
v -47.23995624 35.897532809 104.143108966
v -49.768931760 40.2152601188 103.548704239
v -51.33521962 44.990510990 103.18056745
v -53.49576809 50 87.888914341
v -52.849425030 56.092739351 88.034903995
v -50.940618120 61.9005889826 88.4660466
v -47.8586010540 67.15198029 89.162182538
v -43.747485524 71.601364080 90.090761135
v -38.7995027234 75.04069208 91.208363131
v -33.246014828 77.309145159 92.46273070
v -27.3466967618 78.3006529 93.795211010
v -21.3773940786 77.968853676 95.143498760
v -15.617224738 76.329261883 96.444549514
v -10.3355278573 73.458543067 97.637527586
v -5.7792697116 69.490928850 98.666650646
v -2.16149586806 64.611940462 99.483798044
v 0.34863058920 59.049713978 100.050760875
v 1.63373893686 53.0643329266 100.341028589
v 1.63373893686 46.935667073 100.341028589
v 0.34863058920 40.950286021 100.050760875
v -2.1614958680 35.388059537 99.483798044
v -5.7792697116 30.509071149 98.666650646
v -10.335527857 26.5414569324 97.637527586
v -15.617224738 23.6707381165 96.444549514
v -21.3773940786 22.0311463233 95.143498760
v -27.346696761 21.6993470429 93.795211010
v -33.246014828 22.6908548409 92.46273070
v -38.799502723 24.9593079146 91.208363131
v -43.7474855240 28.398635919 90.090761135
v -47.858601054 32.84801970 89.162182538
v -50.940618120 38.099411017 88.4660466
v -52.849425030 43.907260648 88.034903995
v -53.729200954 50 73.663933899
v -53.006690137 56.797625073 73.820529938
v -50.872941486 63.277400753 74.28299580
v -47.427726718 69.136339931 75.029707095
v -42.832140246 74.100485122 76.025748433
v -37.301066586 77.937718415 77.22454602
v -31.0931325957 80.468615045 78.570045434
v -24.4986143674 81.574833099 79.99933259
v -17.8258642448 81.204647050 81.445575640
v -11.3868926075 79.375366386 82.841149841
v -5.4827786128 76.172526239 84.120799704
v -0.389592069253 71.745887853 85.224690223
v 3.6545152811 66.302435920 86.101204705
v 6.46044547343 60.09670020 86.709358306
v 7.8969963302 53.4188540055 87.020714440
v 7.8969963302 46.581145994 87.020714440
v 6.4604454734 39.90329979 86.709358306
v 3.65451528118 33.697564079 86.101204705
v -0.38959206925 28.254112146 85.224690223
v -5.4827786128 23.8274737607 84.120799704
v -11.3868926075 20.6246336133 82.841149841
v -17.8258642448 18.7953529497 81.445575640
v -24.4986143674 18.4251669008 79.99933259
v -31.0931325957 19.5313849546 78.570045434
v -37.3010665867 22.062281584 77.22454602
v -42.8321402466 25.8995148771 76.025748433
v -47.427726718 30.8636600682 75.029707095
v -50.872941486 36.722599246 74.28299580
v -53.006690137 43.202374926 73.820529938
v -52.61601526 50 65.366184320
v -51.878504957 56.925940458 65.519322085
v -49.700459188 63.52803163 65.971574829
v -46.183720961 69.49756709 66.701795717
v -41.492729045 74.555417983 67.675840430
v -35.8468290105 78.465084818 68.848163721
v -29.510016866 81.043755924 70.163949056
v -22.778594906 82.170855506 71.56167177
v -15.967316940 81.793681639 72.975975916
v -9.394670754 79.929870555 74.34073019
v -3.3679859807 76.666571988 75.592120205
v 1.8309362996 72.156374153 76.671632354
v 5.9590002589 66.610168888 77.528789848
v 8.8231822143 60.2872905867 78.123512956
v 10.2895562009 53.483390010 78.427993086
v 10.289556200 46.516609989 78.427993086
v 8.8231822143 39.7127094132 78.123512956
v 5.9590002589 33.3898311115 77.528789848
v 1.8309362996 27.8436258461 76.671632354
v -3.36798598074 23.3334280111 75.592120205
v -9.3946707546 20.0701294446 74.34073019
v -15.967316940 18.2063183606 72.975975916
v -22.778594906 17.8291444939 71.56167177
v -29.510016866 18.956244075 70.163949056
v -35.846829010 21.5349151811 68.848163721
v -41.4927290455 25.4445820163 67.675840430
v -46.18372096 30.502432905 66.701795717
v -49.700459188 36.471968361 65.971574829
v -51.878504957 43.074059541 65.519322085
v -50.558135502 50 59.852260916
v -49.840764035 56.724916415 59.994714536
v -47.7221931292 63.13538321 60.415414421
v -44.301484803 68.931654092 61.094689114
v -39.7385875771 73.842701866 62.0007764836
v -34.246857454 77.638891399 63.091308892
v -28.083081631 80.142717090 64.315294256
v -21.5354714157 81.237102830 65.615500380
v -14.9101857835 80.870876360 66.931131071
v -8.5170157274 79.061162021 68.200668901
v -2.65489877388 75.892580046 69.36475169
v 2.4020590036 71.513289805 70.368948223
v 6.417399879 66.128062043 71.166303384
v 9.2033709782 59.988704025 71.719533733
v 10.6297033865 53.382285309 72.00277083
v 10.6297033865 46.617714690 72.00277083
v 9.2033709782 40.011295974 71.719533733
v 6.417399879 33.871937956 71.166303384
v 2.40205900365 28.4867101942 70.368948223
v -2.654898773 24.1074199534 69.36475169
v -8.5170157274 20.938837978 68.200668901
v -14.9101857835 19.1291236395 66.931131071
v -21.5354714157 18.762897169 65.615500380
v -28.08308163 19.8572829097 64.315294256
v -34.246857454 22.3611086001 63.091308892
v -39.7385875771 26.1572981339 62.0007764836
v -44.30148480 31.0683459077 61.094689114
v -47.7221931292 36.864616785 60.415414421
v -49.840764035 43.275083584 59.994714536
v -48.069934079 50 53.995216791
v -47.381603581 56.441783855 54.125685826
v -45.348797658 62.582357057 54.510992343
v -42.066568054 68.134593227 55.1331198372
v -37.688388177 72.838875973 55.962978318
v -32.418976854 76.475238262 56.9617645274
v -26.5047259010 78.873647835 58.0827763301
v -20.2221791189 79.921957726 59.273596460
v -13.8651014129 79.571150129 60.4785434939
v -7.7307426713 77.837628419 61.6412754451
v -2.10593869103 74.802450143 62.707424260
v 2.7463009453 70.607536864 63.6271380073
v 6.5990909054 65.449038065 64.357411891
v 9.2722790125 59.5681594166 64.864099119
v 10.6408699620 53.2398842680 65.123507558
v 10.6408699620 46.760115731 65.123507558
v 9.2722790125 40.4318405833 64.864099119
v 6.599090905 34.550961934 64.357411891
v 2.74630094539 29.3924631357 63.6271380073
v -2.1059386910 25.197549856 62.707424260
v -7.7307426713 22.1623715807 61.6412754451
v -13.8651014129 20.4288498702 60.4785434939
v -20.2221791189 20.0780422738 59.273596460
v -26.504725901 21.1263521648 58.082776330
v -32.418976854 23.5247617378 56.9617645274
v -37.688388177 27.1611240268 55.962978318
v -42.066568054 31.8654067727 55.1331198372
v -45.348797658 37.417642942 54.510992343
v -47.3816035819 43.558216144 54.125685826
v -45.777858550 50 44.687087595
v -45.10104858 56.323773687 44.809279480
v -43.102265570 62.351854745 45.1701415775
v -39.8749703793 67.802376803 45.752800376
v -35.570067747 72.420479508 46.530011399
v -30.3888501383 75.990225509 47.465433123
v -24.573585527 78.344697452 48.515326266
v -18.3961892262 79.373802845 49.630598994
v -12.1455094189 79.029421863 50.759102392
v -6.11382094666 77.327657379 51.848068896
v -0.58315885854 74.348082008 52.8465796427
v 4.1878692330 70.230017384 53.7079453788
v 7.9761753571 65.16601963 54.391889600
v 10.604622529 59.3928756557 54.8664318351
v 11.9503074824 53.180531254 55.1093830162
v 11.9503074824 46.819468745 55.1093830162
v 10.604622529 40.607124344 54.8664318351
v 7.9761753571 34.8339803688 54.391889600
v 4.1878692330 29.7699826155 53.7079453788
v -0.58315885854 25.6519179911 52.8465796427
v -6.11382094666 22.6723426204 51.848068896
v -12.1455094189 20.970578136 50.759102392
v -18.3961892262 20.6261971547 49.6305989943
v -24.5735855278 21.6553025475 48.515326266
v -30.388850138 24.009774490 47.465433123
v -35.570067747 27.5795204918 46.530011399
v -39.874970379 32.1976231966 45.7528003766
v -43.102265570 37.648145254 45.1701415775
v -45.10104858 43.676226312 44.809279480
v -44.432070771 50 29.56547654
v -43.7251715825 56.594797726 29.686756337
v -41.637527835 62.881230040 30.0449247954
v -38.266755430 68.565350354 30.6232343638
v -33.770467940 73.381375520 31.394643929
v -28.3589067713 77.104113552 32.3230832397
v -22.2851105078 79.559493359 33.365139503
v -15.833083113 80.632704110 34.4720873270
v -9.304514217 80.273563662 35.5921670618
v -3.0046724455 78.498865023 36.6730050239
v 2.77186860213 75.391591131 37.6640624314
v 7.7550042867 71.097034658 38.518998541
v 11.7117287219 65.816004292 39.197837491
v 14.4570298707 59.795435144 39.6688375274
v 15.8625405026 53.316842335 39.909975210
v 15.8625405026 46.683157664 39.909975210
v 14.4570298707 40.204564855 39.6688375274
v 11.711728721 34.183995707 39.197837491
v 7.7550042867 28.902965341 38.518998541
v 2.77186860213 24.6084088684 37.664062431
v -3.00467244 21.5011349760 36.6730050239
v -9.304514217 19.7264363378 35.5921670618
v -15.8330831130 19.367295889 34.472087327
v -22.2851105078 20.440506640 33.365139503
v -28.3589067713 22.8958864472 32.3230832397
v -33.770467940 26.618624479 31.3946439299
v -38.266755430 31.434649645 30.6232343638
v -41.637527835 37.1187699593 30.0449247954
v -43.725171582 43.40520227 29.686756337
v -43.572578350 50 15.7725506952
v -42.83413168 56.879096949 15.8926351488
v -40.6533206375 63.43653497 16.24727349
v -37.13211750 69.365695550 16.8198832361
v -32.4351698370 74.38933773 17.5836897798
v -26.782101682 78.272561584 18.5029783801
v -20.4372442265 80.833791881 19.5347641237
v -13.6972759520 81.953268339 20.6308018560
v -6.8773502847 81.578645483 21.739842070
v -0.296359368805 79.727440261 22.81002728
v 5.7379769746 76.486212972 23.791316813
v 10.9434998849 72.006519802 24.6378266626
v 15.0768048962 66.497826225 25.309974967
v 17.9446232601 60.217712629 25.7763328210
v 19.412858977 53.4598301472 26.0150938478
v 19.412858977 46.5401698527 26.0150938478
v 17.9446232601 39.782287370 25.7763328210
v 15.0768048962 33.502173774 25.309974967
v 10.9434998849 27.993480197 24.6378266626
v 5.7379769746 23.5137870274 23.791316813
v -0.296359368805 20.2725597387 22.81002728
v -6.8773502847 18.4213545169 21.7398420709
v -13.6972759520 18.046731660 20.630801856
v -20.4372442265 19.1662081187 19.5347641237
v -26.7821016824 21.727438415 18.502978380
v -32.435169837 25.6106622696 17.5836897798
v -37.1321175063 30.634304449 16.8198832361
v -40.6533206375 36.563465029 16.24727349
v -42.834131685 43.1209030506 15.8926351488
v -42.3793189763 50 2.25921432187
v -41.6221824917 57.043500563 2.3755821770
v -39.386175898 63.757654869 2.7192445109
v -35.7758523796 69.828516523 3.2741320547
v -30.960026650 74.97221878 4.0142988836
v -25.1638813695 78.94824784 4.9051356194
v -18.6584378483 81.570689015 5.9049877264
v -11.7478833956 82.716919853 6.967103231
v -4.7553478570 82.33334388 8.0418187934
v 1.99220557724 80.437896685 9.0788819077
v 8.1792688080 77.119207270 10.0298006555
v 13.5165416350 72.532453863 10.8501111330
v 17.7544591129 66.892107957 11.50145653
v 20.694860930 60.461905856 11.9533806715
v 22.200257166 53.542516666 12.1847520751
v 22.200257166 46.457483333 12.1847520751
v 20.69486093 39.538094143 11.9533806715
v 17.7544591129 33.1078920429 11.50145653
v 13.5165416350 27.4675461365 10.8501111330
v 8.1792688080 22.8807927298 10.0298006555
v 1.99220557724 19.5621033142 9.0788819077
v -4.7553478570 17.66665611 8.0418187934
v -11.7478833956 17.2830801463 6.9671032312
v -18.6584378483 18.429310984 5.9049877264
v -25.1638813695 21.0517521528 4.9051356194
v -30.9600266504 25.0277812167 4.0142988836
v -35.775852379 30.1714834763 3.2741320547
v -39.386175898 36.242345130 2.7192445109
v -41.62218249 42.956499436 2.3755821770
v -40.943452413 50 -10.9135603990
v -40.1782102526 57.109663397 -10.8027567155
v -37.918265643 63.8868868355 -10.4755267223
v -34.269291083 70.014774879 -9.947171330
v -29.401908568 75.206794295 -9.242395849
v -23.5437114 79.220172025 -8.3941547997
v -16.9686226452 81.867246986 -7.44211098835
v -9.9840858687 83.024244897 -6.4307809263
v -2.91669034160 82.637065820 -5.4074532833
v 3.9031003763 80.723813818 -4.419977722
v 10.1564004507 77.373950430 -3.51452750385
v 15.5508125202 72.744111543 -2.73344047298
v 19.834099871 67.05078327 -2.1132393914
v 22.8059807493 60.5601793400 -1.68292417247
v 24.3274933062 53.575793151 -1.46261587748
v 24.3274933062 46.424206848 -1.46261587748
v 22.8059807493 39.4398206599 -1.68292417247
v 19.8340998717 32.949216720 -2.11323939143
v 15.5508125202 27.2558884561 -2.73344047298
v 10.156400450 22.6260495695 -3.51452750385
v 3.9031003763 19.276186181 -4.419977722
v -2.91669034160 17.362934179 -5.40745328333
v -9.9840858687 16.9757551027 -6.4307809263
v -16.9686226452 18.1327530132 -7.4421109883
v -23.543711493 20.7798279749 -8.39415479
v -29.4019085681 24.7932057046 -9.242395849
v -34.269291083 29.9852251203 -9.9471713301
v -37.918265643 36.113113164 -10.4755267223
v -40.1782102526 42.890336602 -10.8027567155
v -39.379298714 50 -23.6847320746
v -38.614244252 57.0992402774 -23.580746725
v -36.3548539631 63.86652796 -23.2736529156
v -32.7067744244 69.985432225 -22.7778100117
v -27.84058578 75.169839882 -22.1164030763
v -21.9838256070 79.17733380 -21.320358762
v -15.410349497 81.820528019 -20.426899218
v -8.4275258893 82.975829714 -19.4778016178
v -1.3618638541 82.589218260 -18.5174447109
v 5.4562541042 80.678771181 -17.5907337190
v 11.7080203681 77.333818859 -16.7410006180
v 17.101109295 72.710767546 -16.007977983
v 21.3833460412 67.025785984 -15.4259411388
v 24.3544979753 60.544697592 -15.0221054802
v 25.8756373353 53.570550860 -14.8153539141
v 25.8756373353 46.429449139 -14.8153539141
v 24.3544979753 39.4553024073 -15.0221054802
v 21.3833460412 32.9742140153 -15.425941138
v 17.101109295 27.2892324532 -16.007977983
v 11.708020368 22.6661811404 -16.7410006180
v 5.4562541042 19.3212288180 -17.5907337190
v -1.3618638541 17.4107817392 -18.5174447109
v -8.4275258893 17.0241702859 -19.477801617
v -15.4103494973 18.1794719800 -20.426899218
v -21.9838256070 20.8226661983 -21.3203587626
v -27.8405857816 24.8301601170 -22.1164030763
v -32.7067744244 30.014567774 -22.7778100117
v -36.3548539631 36.13347203 -23.2736529156
v -38.614244252 42.900759722 -23.580746725
v -37.757910502 50 -35.984657116
v -36.999030842 57.0338860325 -35.8882314564
v -34.757876233 63.738875371 -35.60346323
v -31.13924057 69.801450168 -35.1436678912
v -26.3123272422 74.938131162 -34.5303449508
v -20.502837345 78.908732860 -33.792172710
v -13.98241617 81.52759433 -32.9636672845
v -7.055951369 82.672260547 -32.083568664
v -0.047316734598 82.289208165 -31.1930292853
v 6.7157717676 80.396348296 -30.3336897774
v 12.917079635 77.082188963 -29.54573190
v 18.2666406044 72.501696574 -28.865999691
v 22.5143151500 66.869049863 -28.3262766714
v 25.461486731 60.4476251282 -27.9517996887
v 26.9703488803 53.5376810541 -27.7600788711
v 26.9703488803 46.4623189458 -27.7600788711
v 25.461486731 39.552374871 -27.9517996887
v 22.5143151500 33.130950136 -28.3262766714
v 18.2666406044 27.4983034251 -28.865999691
v 12.9170796352 22.9178110363 -29.54573190
v 6.7157717676 19.6036517037 -30.333689777
v -0.047316734598 17.7107918344 -31.19302928
v -7.0559513698 17.3277394520 -32.083568664
v -13.9824161719 18.4724056602 -32.9636672845
v -20.502837345 21.0912671393 -33.792172710
v -26.3123272422 25.0618688373 -34.5303449508
v -31.1392405724 30.198549831 -35.1436678912
v -34.757876233 36.2611246282 -35.60346323
v -36.999030842 42.966113967 -35.8882314564
v -36.186313186 50 -47.744806210
v -35.4372754192 56.935255490 -47.656249694
v -33.2251862915 63.5462261415 -47.394720950
v -29.653480632 69.523790314 -46.972448772
v -24.8891674282 74.588443750 -46.409178137
v -19.1550206698 78.503368885 -45.731246955
v -12.7191626865 81.085508170 -44.9703545333
v -5.8825270445 82.214123642 -44.1620793563
v 1.03521277180 81.836442496 -43.3442154730
v 7.71059093728 79.970124683 -42.555005289
v 13.8314741879 76.70243714 -41.831351397
v 19.1116568259 72.186173331 -41.207091047
v 23.3042433796 66.632508706 -40.711413960
v 26.2131931614 60.3011264605 -40.36749744
v 27.7024869126 53.48807499 -40.191422658
v 27.7024869126 46.51192500 -40.191422658
v 26.2131931614 39.6988735394 -40.36749744
v 23.304243379 33.36749129 -40.711413960
v 19.1116568259 27.8138266688 -41.207091047
v 13.8314741879 23.29756285 -41.831351397
v 7.7105909372 20.0298753167 -42.555005289
v 1.03521277180 18.1635575032 -43.3442154730
v -5.8825270445 17.7858763571 -44.1620793563
v -12.7191626865 18.914491829 -44.9703545333
v -19.1550206698 21.4966311142 -45.731246955
v -24.889167428 25.4115562492 -46.409178137
v -29.653480632 30.4762096858 -46.972448772
v -33.225186291 36.453773858 -47.394720950
v -35.4372754192 43.064744509 -47.656249694
v -34.751937752 50 -58.8913056775
v -34.01407697 56.825003478 -58.8105770224
v -31.8349962078 63.330877379 -58.5721658392
v -28.316586834 69.213414269 -58.1872199700
v -23.6233657706 74.197553263 -57.67373905
v -17.9747828170 78.050241560 -57.055732893
v -11.634959434 80.591331737 -56.362098763
v -4.9003387186 81.702005242 -55.625270228
v 1.91417595132 81.330328216 -54.879700570
v 8.4899454430 79.493679864 -54.1602517985
v 14.519494083 76.277939821 -53.500564537
v 19.7208868796 71.833472518 -52.9314850306
v 23.850912485 66.368096306 -52.479622803
v 26.7164554933 60.137366103 -52.166106430
v 28.1835262974 53.432623927 -52.00559559
v 28.1835262974 46.567376072 -52.00559559
v 26.7164554933 39.862633896 -52.166106430
v 23.8509124853 33.631903693 -52.479622803
v 19.7208868796 28.1665274817 -52.9314850306
v 14.519494083 23.7220601786 -53.500564537
v 8.4899454430 20.5063201357 -54.1602517985
v 1.91417595132 18.6696717834 -54.879700570
v -4.9003387186 18.2979947574 -55.625270228
v -11.634959434 19.408668262 -56.362098763
v -17.97478281 21.949758439 -57.055732893
v -23.623365770 25.8024467361 -57.6737390557
v -28.3165868345 30.7865857300 -58.1872199700
v -31.8349962078 36.669122620 -58.57216583
v -34.014076978 43.1749965218 -58.8105770224
v -33.531430396 50 -69.346413770
v -32.8037395227 56.7247848242 -69.273202345
v -30.6546929177 63.135126184 -69.05699135
v -27.1847776124 68.931283642 -68.707890587
v -22.556242989 73.842235318 -68.242223603
v -16.9855141848 77.638350569 -67.681764474
v -10.733072284 80.14212726 -67.052719647
v -4.0912745237 81.236491591 -66.384502558
v 2.629316016 80.87027228 -65.708358295
v 9.114451992 79.060593360 -65.05590261
v 15.060895652 75.892073387 -64.457643616
v 20.1905979003 71.512868839 -63.941555228
v 24.2636995607 66.127746454 -63.531769168
v 27.0897469265 59.9885085694 -63.247446577
v 28.536597164 53.38221912 -63.101882065
v 28.536597164 46.617780874 -63.101882065
v 27.0897469265 40.0114914305 -63.247446577
v 24.2636995607 33.872253545 -63.531769168
v 20.1905979003 28.4871311608 -63.941555228
v 15.0608956521 24.1079266127 -64.457643616
v 9.1144519920 20.9394066393 -65.05590261
v 2.629316016 19.1297277129 -65.708358295
v -4.0912745237 18.7635084088 -66.384502558
v -10.7330722847 19.857872734 -67.052719647
v -16.985514184 22.3616494308 -67.681764474
v -22.5562429899 26.1577646818 -68.242223603
v -27.184777612 31.068716357 -68.707890587
v -30.6546929177 36.8648738157 -69.05699135
v -32.8037395227 43.275215175 -69.273202345
v -32.6110959232 50 -79.030246882
v -31.8902172277 56.656254356 -78.964054309
v -29.7612886275 63.001269656 -78.768571680
v -26.323856457 68.738360038 -78.452939546
v -21.7386512268 73.599265530 -78.031916515
v -16.220072034 77.356695594 -77.525189155
v -10.026161511 79.834956978 -76.956451475
v -3.44654002803 80.918168932 -76.352297017
v 3.21113662661 80.555681670 -75.740975372
v 9.6355628919 78.764444693 -75.151071260
v 15.5263397361 75.628214252 -74.610167942
v 20.6080209809 71.293636996 -74.14355745
v 24.6429928593 65.963392940 -73.773057989
v 27.4425845707 59.886718373 -73.515993686
v 28.8758903183 53.347751842 -73.384384587
v 28.8758903183 46.6522481570 -73.384384587
v 27.442584570 40.113281626 -73.515993686
v 24.642992859 34.036607059 -73.773057989
v 20.608020980 28.7063630033 -74.14355745
v 15.5263397361 24.371785747 -74.610167942
v 9.6355628919 21.2355553062 -75.151071260
v 3.21113662661 19.4443183295 -75.740975372
v -3.4465400280 19.0818310675 -76.352297017
v -10.0261615110 20.165043021 -76.956451475
v -16.220072034 22.6433044051 -77.525189155
v -21.7386512268 26.4007344697 -78.031916515
v -26.3238564579 31.2616399617 -78.452939546
v -29.761288627 36.9987303430 -78.768571680
v -31.8902172277 43.3437456436 -78.964054309
v -32.074405114 50 -87.85960512
v -31.3546235919 56.641066902 -87.799827050
v -29.228935207 62.971604897 -87.623287972
v -25.796734787 68.695605063 -87.338242665
v -21.2185082091 73.54541951 -86.958019532
v -15.7083282590 77.294276321 -86.500397382
v -9.5238448272 79.766883101 -85.986774120
v -2.95423748574 80.847623510 -85.441166198
v 3.6933062279 80.485963328 -84.889085636
v 10.1079545579 78.698813385 -84.356347108
v 15.9897656776 75.569738823 -83.867860874
v 21.0637126363 71.245051693 -83.446468010
v 25.0925433135 65.9269695 -83.111872376
v 27.8878740644 59.864160028 -82.879719292
v 29.3189983299 53.340113 -82.760863979
v 29.3189983299 46.6598866613 -82.760863979
v 27.8878740644 40.135839971 -82.879719292
v 25.0925433135 34.073030441 -83.111872376
v 21.0637126363 28.7549483064 -83.446468010
v 15.9897656776 24.4302611763 -83.867860874
v 10.1079545579 21.3011866149 -84.356347108
v 3.6933062279 19.5140366710 -84.889085636
v -2.9542374857 19.1523764896 -85.441166198
v -9.5238448272 20.233116898 -85.986774120
v -15.7083282590 22.705723678 -86.500397382
v -21.2185082091 26.4545804834 -86.958019532
v -25.7967347874 31.3043949360 -87.338242665
v -29.228935207 37.028395102 -87.623287972
v -31.3546235919 43.358933097 -87.799827050
v -32.001920405 50 -95.748036399
v -31.2751588891 56.700877289 -95.694044394
v -29.1288569010 63.088429004 -95.53459298
v -25.6633731366 68.8639803 -95.277137940
v -21.0407497650 73.75747289 -94.93371757
v -15.4771355176 77.540092432 -94.520389841
v -9.2326788129 80.034967858 -94.056481485
v -2.59936350633 81.125441568 -93.563684347
v 4.1126439508 80.760524224 -93.065041072
v 10.5894975497 78.95727895 -92.58386766
v 16.5283468147 75.800023506 -92.142663263
v 21.651497754 71.436387632 -91.762058089
v 25.719397525 66.070410098 -91.459848821
v 28.5418356547 59.952998048 -91.250166427
v 29.986838073 53.370194871 -91.142815423
v 29.986838073 46.629805128 -91.142815423
v 28.5418356547 40.047001951 -91.250166427
v 25.7193975252 33.929589901 -91.459848821
v 21.651497754 28.563612367 -91.762058089
v 16.5283468147 24.1999764935 -92.142663263
v 10.5894975497 21.0427210443 -92.58386766
v 4.11264395085 19.2394757752 -93.065041072
v -2.5993635063 18.8745584311 -93.563684347
v -9.2326788129 19.965032141 -94.056481485
v -15.4771355176 22.45990756 -94.520389841
v -21.040749765 26.2425271064 -94.93371757
v -25.6633731366 31.136019673 -95.277137940
v -29.128856901 36.911570995 -95.53459298
v -31.2751588891 43.299122710 -95.694044394
v -32.471222718 50 -102.605901729
v -31.727038786 56.857340346 -102.557125328
v -29.5292842059 63.39403907 -102.413076857
v -25.9807235375 69.304447431 -102.1804918
v -21.2472835343 74.312201277 -101.870245759
v -15.5502945901 78.183143612 -101.496845310
v -9.1561415760 80.736273475 -101.07775030
v -2.36380798044 81.852209351 -100.632557163
v 4.5091042267 81.478771319 -100.182082618
v 11.1412253095 79.63342092 -99.747390360
v 17.2224446571 76.402444707 -99.348806115
v 22.4684112115 71.93691951 -99.004967241
v 26.6338294073 66.445648351 -98.731951260
v 29.5239289190 60.185396946 -98.542524097
v 31.0035719056 53.448887700 -98.44554315
v 31.0035719056 46.551112299 -98.44554315
v 29.5239289190 39.814603053 -98.542524097
v 26.633829407 33.554351648 -98.731951260
v 22.4684112115 28.0630804831 -99.004967241
v 17.2224446571 23.5975552928 -99.348806115
v 11.1412253095 20.3665790727 -99.747390360
v 4.5091042267 18.5212286801 -100.182082618
v -2.36380798044 18.147790648 -100.63255716
v -9.1561415760 19.263726524 -101.07775030
v -15.5502945901 21.816856387 -101.496845310
v -21.2472835343 25.687798722 -101.870245759
v -25.9807235375 30.6955525681 -102.1804918
v -29.5292842059 36.605960920 -102.413076857
v -31.727038786 43.1426596535 -102.557125328
v -33.5765613115 50 -108.340975814
v -32.802145976 57.132110900 -108.296984613
v -30.515110770 63.930732221 -108.16706799
v -26.8223949192 70.077967987 -107.957300704
v -21.8966657110 75.286380285 -107.677491238
v -15.9682447691 79.312429544 -107.340723171
v -9.3143384679 81.967862176 -106.962743405
v -2.24607607083 83.128513103 -106.561225854
v 4.9060383284 82.740111576 -106.154945031
v 11.8075798094 80.820818820 -105.762898177
v 18.13583996 77.46037883 -105.403416967
v 23.594916378 72.815922048 -105.093310342
v 27.9295487082 67.104618108 -104.847078544
v 30.937054363 60.5935212364 -104.676235098
v 32.476805722 53.587083084 -104.588768453
v 32.476805722 46.412916915 -104.588768453
v 30.9370543637 39.4064787635 -104.676235098
v 27.9295487082 32.895381891 -104.847078544
v 23.5949163780 27.184077951 -105.093310342
v 18.1358399631 22.53962116 -105.403416967
v 11.807579809 19.1791811790 -105.762898177
v 4.9060383284 17.25988842 -106.154945031
v -2.2460760708 16.8714868968 -106.561225854
v -9.3143384679 18.0321378234 -106.962743405
v -15.9682447691 20.687570455 -107.340723171
v -21.896665711 24.7136197149 -107.677491238
v -26.8223949192 29.9220320125 -107.957300704
v -30.5151107707 36.0692677781 -108.16706799
v -32.802145976 42.867889099 -108.296984613
v -35.5192095317 50 -112.913795794
v -34.6964014671 57.574333554 -112.874238024
v -32.266450863 64.794499690 -112.757414393
v -28.342979511 71.322891463 -112.568787443
v -23.109444569 76.85424853 -112.317177161
v -16.810560315 81.129930782 -112.014348565
v -9.7408555767 83.950012069 -111.674461582
v -2.23090188881 85.182628525 -111.313408950
v 5.3681436602 84.770144373 -110.948073089
v 12.700958146 82.731846915 -110.595536699
v 19.424667314 79.163044673 -110.272283988
v 25.2248779954 74.23061087 -109.993429894
v 29.830378785 68.16518064 -109.772013325
v 33.025821586 61.2503667543 -109.618387473
v 34.6617910430 53.8094982190 -109.539735712
v 34.6617910430 46.190501780 -109.539735712
v 33.025821586 38.749633245 -109.618387473
v 29.830378785 31.8348193558 -109.772013325
v 25.2248779954 25.7693891238 -109.993429894
v 19.424667314 20.8369553260 -110.272283988
v 12.700958146 17.2681530847 -110.595536699
v 5.3681436602 15.2298556263 -110.948073089
v -2.23090188881 14.8173714747 -111.313408950
v -9.7408555767 16.049987930 -111.674461582
v -16.8105603157 18.8700692173 -112.014348565
v -23.10944456 23.1457514694 -112.317177161
v -28.3429795113 28.677108536 -112.568787443
v -32.266450863 35.205500309 -112.757414393
v -34.6964014671 42.4256664454 -112.874238024
v -44.647171862 50 -115.13543713
v -43.60981326 59.545738354 -115.094612202
v -40.5462432248 68.64512859 -114.974046329
v -35.599710859 76.872693339 -114.779377044
v -29.0015105282 83.843720813 -114.5197068
v -21.06016674 89.232253516 -114.20717768
v -12.1470079216 92.786329649 -113.856403013
v -2.67880345551 94.339764560 -113.483784689
v 6.9017239347 93.819921361 -113.106745931
v 16.146599436 91.251107341 -112.742916652
v 24.6235429455 86.753437390 -112.409309104
v 31.9361820056 80.537217554 -112.121522405
v 37.742585741 72.893111365 -111.893013142
v 41.77125316 64.178548733 -111.734466154
v 43.833808272 54.801012920 -111.653294921
v 43.833808272 45.198987079 -111.653294921
v 41.77125316 35.821451266 -111.734466154
v 37.742585741 27.106888634 -111.893013142
v 31.936182005 19.462782445 -112.121522405
v 24.6235429455 13.2465626099 -112.409309104
v 16.1465994362 8.7488926582 -112.742916652
v 6.9017239347 6.180078638 -113.106745931
v -2.67880345551 5.6602354392 -113.483784689
v -12.1470079216 7.2136703507 -113.856403013
v -21.060166745 10.7677464830 -114.20717768
v -29.0015105282 16.1562791863 -114.5197068
v -35.5997108592 23.127306660 -114.779377044
v -40.546243224 31.3548714078 -114.974046329
v -43.60981326 40.4542616458 -115.094612202
v -57.5622055616 50 -116.872225749
v -56.221989453 62.328866322 -116.831163106
v -52.2640081452 74.081248558 -116.70989521
v -45.8733324433 84.707618375 -116.51409244
v -37.348783241 93.711098532 -116.252910291
v -27.0889589850 100.670696304 -115.938561357
v -15.5735976541 105.26098863 -115.585744245
v -3.3411447459 107.26733855 -115.210956291
v 9.0364238369 106.595931365 -114.831722164
v 20.9803467442 103.27816133 -114.465774431
v 31.9321394156 97.469163689 -114.130224399
v 41.379708197 89.440560711 -113.840762016
v 48.8812952746 79.567760948 -113.610922221
v 54.086134771 68.3124055 -113.451452067
v 56.750854179 56.200782413 -113.369808202
v 56.750854179 43.7992175865 -113.369808202
v 54.086134771 31.687594453 -113.451452067
v 48.881295274 20.432239051 -113.610922221
v 41.379708197 10.559439288 -113.840762016
v 31.9321394156 2.53083631009 -114.130224399
v 20.98034674 -3.2781613326 -114.465774431
v 9.0364238369 -6.5959313659 -114.831722164
v -3.34114474599 -7.2673385504 -115.210956291
v -15.5735976541 -5.2609886323 -115.585744245
v -27.0889589850 -0.67069630405 -115.938561357
v -37.34878324 6.2889014670 -116.252910291
v -45.873332443 15.2923816241 -116.51409244
v -52.2640081452 25.9187514417 -116.70989521
v -56.221989453 37.6711336775 -116.831163106
v -64.757064284 50 -123.376446483
v -63.245842207 63.898797732 -123.34330901
v -58.782839040 77.147703130 -123.245446080
v -51.576739851 89.127212101 -123.087433642
v -41.9644938289 99.277176122 -122.876660186
v -30.395558914 107.122994155 -122.622981244
v -17.410885646 112.297804469 -122.338258562
v -3.61762291602 114.559638685 -122.035805457
v 10.3392716425 113.802735949 -121.729764299
v 23.8071891513 110.062488191 -121.434445233
v 36.156384756 103.513785241 -121.163657049
v 46.809423795 94.462837168 -120.930061503
v 55.268182004 83.332856247 -120.744581263
v 61.1371372495 70.644268014 -120.615889178
v 64.141863706 56.990376754 -120.550002747
v 64.141863706 43.009623245 -120.550002747
v 61.1371372495 29.355731985 -120.615889178
v 55.2681820042 16.6671437525 -120.744581263
v 46.8094237956 5.5371628311 -120.930061503
v 36.156384756 -3.5137852410 -121.163657049
v 23.8071891513 -10.0624881917 -121.434445233
v 10.339271642 -13.802735949 -121.729764299
v -3.617622916 -14.559638685 -122.035805457
v -17.4108856468 -12.2978044694 -122.338258562
v -30.3955589146 -7.122994155 -122.622981244
v -41.964493828 0.72282387730 -122.876660186
v -51.576739851 10.8727878980 -123.087433642
v -58.782839040 22.8522968699 -123.245446080
v -63.245842207 36.1012022677 -123.34330901
v -63.516648010 50 -134.730964174
v -62.0319901327 63.6523965441 -134.71133744
v -57.647437451 76.666422199 -134.653374971
v -50.568006776 88.43355559 -134.559787021
v -41.124724418 98.403578637 -134.434949661
v -29.759147764 106.110304144 -134.28470014
v -17.002718548 111.193374191 -134.116063978
v -3.4519132207 113.415110073 -133.936926396
v 10.259647620 112.671625888 -133.75566367
v 23.4908266312 108.997686132 -133.580751456
v 35.622948585 102.565080143 -133.42036844
v 46.0887289436 93.674589428 -133.28201396
v 54.39879944 82.741923453 -133.172157326
v 60.164590441 70.27828152 -133.09593529
v 63.116499941 56.866449694 -133.056911940
v 63.116499941 43.1335503056 -133.056911940
v 60.164590441 29.721718473 -133.09593529
v 54.398799449 17.2580765469 -133.172157326
v 46.088728943 6.325410571 -133.28201396
v 35.6229485850 -2.5650801431 -133.42036844
v 23.4908266312 -8.9976861321 -133.580751456
v 10.259647620 -12.6716258887 -133.75566367
v -3.4519132207 -13.4151100734 -133.936926396
v -17.002718548 -11.193374191 -134.116063978
v -29.759147764 -6.1103041445 -134.28470014
v -41.1247244184 1.59642136232 -134.434949661
v -50.5680067764 11.566444409 -134.559787021
v -57.6474374512 23.3335778004 -134.653374971
v -62.031990132 36.34760345 -134.71133744
v -55.001762734 50 -137.229428987
v -53.7158520865 61.823873598 -137.22362462
v -49.918247896 73.094876008 -137.206482950
v -43.7865219143 83.285987684 -137.178805485
v -35.607386832 91.920683571 -137.141886397
v -25.763289918 98.5952148 -137.097451982
v -14.7145302004 102.997487961 -137.047579945
v -2.97773540470 104.921657403 -136.994602245
v 8.8982949890 104.277751185 -136.940996062
v 20.358250998 101.095877647 -136.88926796
v 30.8662778185 95.524817660 -136.841836692
v 39.9310317928 87.825067796 -136.800920085
v 47.128655100 78.356659801 -136.768431358
v 52.122594875 67.56232591 -136.745889647
v 54.679340044 55.9467971790 -136.73434897
v 54.679340044 44.053202820 -136.73434897
v 52.1225948757 32.437674089 -136.745889647
v 47.1286551006 21.643340198 -136.768431358
v 39.931031792 12.1749322039 -136.800920085
v 30.8662778185 4.4751823398 -136.841836692
v 20.3582509988 -1.09587764776 -136.88926796
v 8.8982949890 -4.2777511855 -136.940996062
v -2.97773540470 -4.9216574032 -136.994602245
v -14.714530200 -2.9974879617 -137.047579945
v -25.763289918 1.4047851142 -137.097451982
v -35.6073868329 8.0793164286 -137.141886397
v -43.7865219143 16.714012315 -137.178805485
v -49.9182478961 26.9051239915 -137.206482950
v -53.715852086 38.176126401 -137.22362462


f 1 30 58
f 58 29 1
f 2 31 30
f 30 1 2
f 3 32 31
f 31 2 3
f 4 33 32
f 32 3 4
f 5 34 33
f 33 4 5
f 6 35 34
f 34 5 6
f 7 36 35
f 35 6 7
f 8 37 36
f 36 7 8
f 9 38 37
f 37 8 9
f 10 39 38
f 38 9 10
f 11 40 39
f 39 10 11
f 12 41 40
f 40 11 12
f 13 42 41
f 41 12 13
f 14 43 42
f 42 13 14
f 15 44 43
f 43 14 15
f 16 45 44
f 44 15 16
f 17 46 45
f 45 16 17
f 18 47 46
f 46 17 18
f 19 48 47
f 47 18 19
f 20 49 48
f 48 19 20
f 21 50 49
f 49 20 21
f 22 51 50
f 50 21 22
f 23 52 51
f 51 22 23
f 24 53 52
f 52 23 24
f 25 54 53
f 53 24 25
f 26 55 54
f 54 25 26
f 27 56 55
f 55 26 27
f 28 57 56
f 56 27 28
f 29 58 57
f 57 28 29
f 30 59 87
f 87 58 30
f 31 60 59
f 59 30 31
f 32 61 60
f 60 31 32
f 33 62 61
f 61 32 33
f 34 63 62
f 62 33 34
f 35 64 63
f 63 34 35
f 36 65 64
f 64 35 36
f 37 66 65
f 65 36 37
f 38 67 66
f 66 37 38
f 39 68 67
f 67 38 39
f 40 69 68
f 68 39 40
f 41 70 69
f 69 40 41
f 42 71 70
f 70 41 42
f 43 72 71
f 71 42 43
f 44 73 72
f 72 43 44
f 45 74 73
f 73 44 45
f 46 75 74
f 74 45 46
f 47 76 75
f 75 46 47
f 48 77 76
f 76 47 48
f 49 78 77
f 77 48 49
f 50 79 78
f 78 49 50
f 51 80 79
f 79 50 51
f 52 81 80
f 80 51 52
f 53 82 81
f 81 52 53
f 54 83 82
f 82 53 54
f 55 84 83
f 83 54 55
f 56 85 84
f 84 55 56
f 57 86 85
f 85 56 57
f 58 87 86
f 86 57 58
f 59 88 116
f 116 87 59
f 60 89 88
f 88 59 60
f 61 90 89
f 89 60 61
f 62 91 90
f 90 61 62
f 63 92 91
f 91 62 63
f 64 93 92
f 92 63 64
f 65 94 93
f 93 64 65
f 66 95 94
f 94 65 66
f 67 96 95
f 95 66 67
f 68 97 96
f 96 67 68
f 69 98 97
f 97 68 69
f 70 99 98
f 98 69 70
f 71 100 99
f 99 70 71
f 72 101 100
f 100 71 72
f 73 102 101
f 101 72 73
f 74 103 102
f 102 73 74
f 75 104 103
f 103 74 75
f 76 105 104
f 104 75 76
f 77 106 105
f 105 76 77
f 78 107 106
f 106 77 78
f 79 108 107
f 107 78 79
f 80 109 108
f 108 79 80
f 81 110 109
f 109 80 81
f 82 111 110
f 110 81 82
f 83 112 111
f 111 82 83
f 84 113 112
f 112 83 84
f 85 114 113
f 113 84 85
f 86 115 114
f 114 85 86
f 87 116 115
f 115 86 87
f 88 117 145
f 145 116 88
f 89 118 117
f 117 88 89
f 90 119 118
f 118 89 90
f 91 120 119
f 119 90 91
f 92 121 120
f 120 91 92
f 93 122 121
f 121 92 93
f 94 123 122
f 122 93 94
f 95 124 123
f 123 94 95
f 96 125 124
f 124 95 96
f 97 126 125
f 125 96 97
f 98 127 126
f 126 97 98
f 99 128 127
f 127 98 99
f 100 129 128
f 128 99 100
f 101 130 129
f 129 100 101
f 102 131 130
f 130 101 102
f 103 132 131
f 131 102 103
f 104 133 132
f 132 103 104
f 105 134 133
f 133 104 105
f 106 135 134
f 134 105 106
f 107 136 135
f 135 106 107
f 108 137 136
f 136 107 108
f 109 138 137
f 137 108 109
f 110 139 138
f 138 109 110
f 111 140 139
f 139 110 111
f 112 141 140
f 140 111 112
f 113 142 141
f 141 112 113
f 114 143 142
f 142 113 114
f 115 144 143
f 143 114 115
f 116 145 144
f 144 115 116
f 117 146 174
f 174 145 117
f 118 147 146
f 146 117 118
f 119 148 147
f 147 118 119
f 120 149 148
f 148 119 120
f 121 150 149
f 149 120 121
f 122 151 150
f 150 121 122
f 123 152 151
f 151 122 123
f 124 153 152
f 152 123 124
f 125 154 153
f 153 124 125
f 126 155 154
f 154 125 126
f 127 156 155
f 155 126 127
f 128 157 156
f 156 127 128
f 129 158 157
f 157 128 129
f 130 159 158
f 158 129 130
f 131 160 159
f 159 130 131
f 132 161 160
f 160 131 132
f 133 162 161
f 161 132 133
f 134 163 162
f 162 133 134
f 135 164 163
f 163 134 135
f 136 165 164
f 164 135 136
f 137 166 165
f 165 136 137
f 138 167 166
f 166 137 138
f 139 168 167
f 167 138 139
f 140 169 168
f 168 139 140
f 141 170 169
f 169 140 141
f 142 171 170
f 170 141 142
f 143 172 171
f 171 142 143
f 144 173 172
f 172 143 144
f 145 174 173
f 173 144 145
f 146 175 203
f 203 174 146
f 147 176 175
f 175 146 147
f 148 177 176
f 176 147 148
f 149 178 177
f 177 148 149
f 150 179 178
f 178 149 150
f 151 180 179
f 179 150 151
f 152 181 180
f 180 151 152
f 153 182 181
f 181 152 153
f 154 183 182
f 182 153 154
f 155 184 183
f 183 154 155
f 156 185 184
f 184 155 156
f 157 186 185
f 185 156 157
f 158 187 186
f 186 157 158
f 159 188 187
f 187 158 159
f 160 189 188
f 188 159 160
f 161 190 189
f 189 160 161
f 162 191 190
f 190 161 162
f 163 192 191
f 191 162 163
f 164 193 192
f 192 163 164
f 165 194 193
f 193 164 165
f 166 195 194
f 194 165 166
f 167 196 195
f 195 166 167
f 168 197 196
f 196 167 168
f 169 198 197
f 197 168 169
f 170 199 198
f 198 169 170
f 171 200 199
f 199 170 171
f 172 201 200
f 200 171 172
f 173 202 201
f 201 172 173
f 174 203 202
f 202 173 174
f 175 204 232
f 232 203 175
f 176 205 204
f 204 175 176
f 177 206 205
f 205 176 177
f 178 207 206
f 206 177 178
f 179 208 207
f 207 178 179
f 180 209 208
f 208 179 180
f 181 210 209
f 209 180 181
f 182 211 210
f 210 181 182
f 183 212 211
f 211 182 183
f 184 213 212
f 212 183 184
f 185 214 213
f 213 184 185
f 186 215 214
f 214 185 186
f 187 216 215
f 215 186 187
f 188 217 216
f 216 187 188
f 189 218 217
f 217 188 189
f 190 219 218
f 218 189 190
f 191 220 219
f 219 190 191
f 192 221 220
f 220 191 192
f 193 222 221
f 221 192 193
f 194 223 222
f 222 193 194
f 195 224 223
f 223 194 195
f 196 225 224
f 224 195 196
f 197 226 225
f 225 196 197
f 198 227 226
f 226 197 198
f 199 228 227
f 227 198 199
f 200 229 228
f 228 199 200
f 201 230 229
f 229 200 201
f 202 231 230
f 230 201 202
f 203 232 231
f 231 202 203
f 204 233 261
f 261 232 204
f 205 234 233
f 233 204 205
f 206 235 234
f 234 205 206
f 207 236 235
f 235 206 207
f 208 237 236
f 236 207 208
f 209 238 237
f 237 208 209
f 210 239 238
f 238 209 210
f 211 240 239
f 239 210 211
f 212 241 240
f 240 211 212
f 213 242 241
f 241 212 213
f 214 243 242
f 242 213 214
f 215 244 243
f 243 214 215
f 216 245 244
f 244 215 216
f 217 246 245
f 245 216 217
f 218 247 246
f 246 217 218
f 219 248 247
f 247 218 219
f 220 249 248
f 248 219 220
f 221 250 249
f 249 220 221
f 222 251 250
f 250 221 222
f 223 252 251
f 251 222 223
f 224 253 252
f 252 223 224
f 225 254 253
f 253 224 225
f 226 255 254
f 254 225 226
f 227 256 255
f 255 226 227
f 228 257 256
f 256 227 228
f 229 258 257
f 257 228 229
f 230 259 258
f 258 229 230
f 231 260 259
f 259 230 231
f 232 261 260
f 260 231 232
f 233 262 290
f 290 261 233
f 234 263 262
f 262 233 234
f 235 264 263
f 263 234 235
f 236 265 264
f 264 235 236
f 237 266 265
f 265 236 237
f 238 267 266
f 266 237 238
f 239 268 267
f 267 238 239
f 240 269 268
f 268 239 240
f 241 270 269
f 269 240 241
f 242 271 270
f 270 241 242
f 243 272 271
f 271 242 243
f 244 273 272
f 272 243 244
f 245 274 273
f 273 244 245
f 246 275 274
f 274 245 246
f 247 276 275
f 275 246 247
f 248 277 276
f 276 247 248
f 249 278 277
f 277 248 249
f 250 279 278
f 278 249 250
f 251 280 279
f 279 250 251
f 252 281 280
f 280 251 252
f 253 282 281
f 281 252 253
f 254 283 282
f 282 253 254
f 255 284 283
f 283 254 255
f 256 285 284
f 284 255 256
f 257 286 285
f 285 256 257
f 258 287 286
f 286 257 258
f 259 288 287
f 287 258 259
f 260 289 288
f 288 259 260
f 261 290 289
f 289 260 261
f 262 291 319
f 319 290 262
f 263 292 291
f 291 262 263
f 264 293 292
f 292 263 264
f 265 294 293
f 293 264 265
f 266 295 294
f 294 265 266
f 267 296 295
f 295 266 267
f 268 297 296
f 296 267 268
f 269 298 297
f 297 268 269
f 270 299 298
f 298 269 270
f 271 300 299
f 299 270 271
f 272 301 300
f 300 271 272
f 273 302 301
f 301 272 273
f 274 303 302
f 302 273 274
f 275 304 303
f 303 274 275
f 276 305 304
f 304 275 276
f 277 306 305
f 305 276 277
f 278 307 306
f 306 277 278
f 279 308 307
f 307 278 279
f 280 309 308
f 308 279 280
f 281 310 309
f 309 280 281
f 282 311 310
f 310 281 282
f 283 312 311
f 311 282 283
f 284 313 312
f 312 283 284
f 285 314 313
f 313 284 285
f 286 315 314
f 314 285 286
f 287 316 315
f 315 286 287
f 288 317 316
f 316 287 288
f 289 318 317
f 317 288 289
f 290 319 318
f 318 289 290
f 291 320 348
f 348 319 291
f 292 321 320
f 320 291 292
f 293 322 321
f 321 292 293
f 294 323 322
f 322 293 294
f 295 324 323
f 323 294 295
f 296 325 324
f 324 295 296
f 297 326 325
f 325 296 297
f 298 327 326
f 326 297 298
f 299 328 327
f 327 298 299
f 300 329 328
f 328 299 300
f 301 330 329
f 329 300 301
f 302 331 330
f 330 301 302
f 303 332 331
f 331 302 303
f 304 333 332
f 332 303 304
f 305 334 333
f 333 304 305
f 306 335 334
f 334 305 306
f 307 336 335
f 335 306 307
f 308 337 336
f 336 307 308
f 309 338 337
f 337 308 309
f 310 339 338
f 338 309 310
f 311 340 339
f 339 310 311
f 312 341 340
f 340 311 312
f 313 342 341
f 341 312 313
f 314 343 342
f 342 313 314
f 315 344 343
f 343 314 315
f 316 345 344
f 344 315 316
f 317 346 345
f 345 316 317
f 318 347 346
f 346 317 318
f 319 348 347
f 347 318 319
f 320 349 377
f 377 348 320
f 321 350 349
f 349 320 321
f 322 351 350
f 350 321 322
f 323 352 351
f 351 322 323
f 324 353 352
f 352 323 324
f 325 354 353
f 353 324 325
f 326 355 354
f 354 325 326
f 327 356 355
f 355 326 327
f 328 357 356
f 356 327 328
f 329 358 357
f 357 328 329
f 330 359 358
f 358 329 330
f 331 360 359
f 359 330 331
f 332 361 360
f 360 331 332
f 333 362 361
f 361 332 333
f 334 363 362
f 362 333 334
f 335 364 363
f 363 334 335
f 336 365 364
f 364 335 336
f 337 366 365
f 365 336 337
f 338 367 366
f 366 337 338
f 339 368 367
f 367 338 339
f 340 369 368
f 368 339 340
f 341 370 369
f 369 340 341
f 342 371 370
f 370 341 342
f 343 372 371
f 371 342 343
f 344 373 372
f 372 343 344
f 345 374 373
f 373 344 345
f 346 375 374
f 374 345 346
f 347 376 375
f 375 346 347
f 348 377 376
f 376 347 348
f 349 378 406
f 406 377 349
f 350 379 378
f 378 349 350
f 351 380 379
f 379 350 351
f 352 381 380
f 380 351 352
f 353 382 381
f 381 352 353
f 354 383 382
f 382 353 354
f 355 384 383
f 383 354 355
f 356 385 384
f 384 355 356
f 357 386 385
f 385 356 357
f 358 387 386
f 386 357 358
f 359 388 387
f 387 358 359
f 360 389 388
f 388 359 360
f 361 390 389
f 389 360 361
f 362 391 390
f 390 361 362
f 363 392 391
f 391 362 363
f 364 393 392
f 392 363 364
f 365 394 393
f 393 364 365
f 366 395 394
f 394 365 366
f 367 396 395
f 395 366 367
f 368 397 396
f 396 367 368
f 369 398 397
f 397 368 369
f 370 399 398
f 398 369 370
f 371 400 399
f 399 370 371
f 372 401 400
f 400 371 372
f 373 402 401
f 401 372 373
f 374 403 402
f 402 373 374
f 375 404 403
f 403 374 375
f 376 405 404
f 404 375 376
f 377 406 405
f 405 376 377
f 378 407 435
f 435 406 378
f 379 408 407
f 407 378 379
f 380 409 408
f 408 379 380
f 381 410 409
f 409 380 381
f 382 411 410
f 410 381 382
f 383 412 411
f 411 382 383
f 384 413 412
f 412 383 384
f 385 414 413
f 413 384 385
f 386 415 414
f 414 385 386
f 387 416 415
f 415 386 387
f 388 417 416
f 416 387 388
f 389 418 417
f 417 388 389
f 390 419 418
f 418 389 390
f 391 420 419
f 419 390 391
f 392 421 420
f 420 391 392
f 393 422 421
f 421 392 393
f 394 423 422
f 422 393 394
f 395 424 423
f 423 394 395
f 396 425 424
f 424 395 396
f 397 426 425
f 425 396 397
f 398 427 426
f 426 397 398
f 399 428 427
f 427 398 399
f 400 429 428
f 428 399 400
f 401 430 429
f 429 400 401
f 402 431 430
f 430 401 402
f 403 432 431
f 431 402 403
f 404 433 432
f 432 403 404
f 405 434 433
f 433 404 405
f 406 435 434
f 434 405 406
f 407 436 464
f 464 435 407
f 408 437 436
f 436 407 408
f 409 438 437
f 437 408 409
f 410 439 438
f 438 409 410
f 411 440 439
f 439 410 411
f 412 441 440
f 440 411 412
f 413 442 441
f 441 412 413
f 414 443 442
f 442 413 414
f 415 444 443
f 443 414 415
f 416 445 444
f 444 415 416
f 417 446 445
f 445 416 417
f 418 447 446
f 446 417 418
f 419 448 447
f 447 418 419
f 420 449 448
f 448 419 420
f 421 450 449
f 449 420 421
f 422 451 450
f 450 421 422
f 423 452 451
f 451 422 423
f 424 453 452
f 452 423 424
f 425 454 453
f 453 424 425
f 426 455 454
f 454 425 426
f 427 456 455
f 455 426 427
f 428 457 456
f 456 427 428
f 429 458 457
f 457 428 429
f 430 459 458
f 458 429 430
f 431 460 459
f 459 430 431
f 432 461 460
f 460 431 432
f 433 462 461
f 461 432 433
f 434 463 462
f 462 433 434
f 435 464 463
f 463 434 435
f 436 465 493
f 493 464 436
f 437 466 465
f 465 436 437
f 438 467 466
f 466 437 438
f 439 468 467
f 467 438 439
f 440 469 468
f 468 439 440
f 441 470 469
f 469 440 441
f 442 471 470
f 470 441 442
f 443 472 471
f 471 442 443
f 444 473 472
f 472 443 444
f 445 474 473
f 473 444 445
f 446 475 474
f 474 445 446
f 447 476 475
f 475 446 447
f 448 477 476
f 476 447 448
f 449 478 477
f 477 448 449
f 450 479 478
f 478 449 450
f 451 480 479
f 479 450 451
f 452 481 480
f 480 451 452
f 453 482 481
f 481 452 453
f 454 483 482
f 482 453 454
f 455 484 483
f 483 454 455
f 456 485 484
f 484 455 456
f 457 486 485
f 485 456 457
f 458 487 486
f 486 457 458
f 459 488 487
f 487 458 459
f 460 489 488
f 488 459 460
f 461 490 489
f 489 460 461
f 462 491 490
f 490 461 462
f 463 492 491
f 491 462 463
f 464 493 492
f 492 463 464
f 465 494 522
f 522 493 465
f 466 495 494
f 494 465 466
f 467 496 495
f 495 466 467
f 468 497 496
f 496 467 468
f 469 498 497
f 497 468 469
f 470 499 498
f 498 469 470
f 471 500 499
f 499 470 471
f 472 501 500
f 500 471 472
f 473 502 501
f 501 472 473
f 474 503 502
f 502 473 474
f 475 504 503
f 503 474 475
f 476 505 504
f 504 475 476
f 477 506 505
f 505 476 477
f 478 507 506
f 506 477 478
f 479 508 507
f 507 478 479
f 480 509 508
f 508 479 480
f 481 510 509
f 509 480 481
f 482 511 510
f 510 481 482
f 483 512 511
f 511 482 483
f 484 513 512
f 512 483 484
f 485 514 513
f 513 484 485
f 486 515 514
f 514 485 486
f 487 516 515
f 515 486 487
f 488 517 516
f 516 487 488
f 489 518 517
f 517 488 489
f 490 519 518
f 518 489 490
f 491 520 519
f 519 490 491
f 492 521 520
f 520 491 492
f 493 522 521
f 521 492 493
f 494 523 551
f 551 522 494
f 495 524 523
f 523 494 495
f 496 525 524
f 524 495 496
f 497 526 525
f 525 496 497
f 498 527 526
f 526 497 498
f 499 528 527
f 527 498 499
f 500 529 528
f 528 499 500
f 501 530 529
f 529 500 501
f 502 531 530
f 530 501 502
f 503 532 531
f 531 502 503
f 504 533 532
f 532 503 504
f 505 534 533
f 533 504 505
f 506 535 534
f 534 505 506
f 507 536 535
f 535 506 507
f 508 537 536
f 536 507 508
f 509 538 537
f 537 508 509
f 510 539 538
f 538 509 510
f 511 540 539
f 539 510 511
f 512 541 540
f 540 511 512
f 513 542 541
f 541 512 513
f 514 543 542
f 542 513 514
f 515 544 543
f 543 514 515
f 516 545 544
f 544 515 516
f 517 546 545
f 545 516 517
f 518 547 546
f 546 517 518
f 519 548 547
f 547 518 519
f 520 549 548
f 548 519 520
f 521 550 549
f 549 520 521
f 522 551 550
f 550 521 522
f 523 552 580
f 580 551 523
f 524 553 552
f 552 523 524
f 525 554 553
f 553 524 525
f 526 555 554
f 554 525 526
f 527 556 555
f 555 526 527
f 528 557 556
f 556 527 528
f 529 558 557
f 557 528 529
f 530 559 558
f 558 529 530
f 531 560 559
f 559 530 531
f 532 561 560
f 560 531 532
f 533 562 561
f 561 532 533
f 534 563 562
f 562 533 534
f 535 564 563
f 563 534 535
f 536 565 564
f 564 535 536
f 537 566 565
f 565 536 537
f 538 567 566
f 566 537 538
f 539 568 567
f 567 538 539
f 540 569 568
f 568 539 540
f 541 570 569
f 569 540 541
f 542 571 570
f 570 541 542
f 543 572 571
f 571 542 543
f 544 573 572
f 572 543 544
f 545 574 573
f 573 544 545
f 546 575 574
f 574 545 546
f 547 576 575
f 575 546 547
f 548 577 576
f 576 547 548
f 549 578 577
f 577 548 549
f 550 579 578
f 578 549 550
f 551 580 579
f 579 550 551
f 552 581 609
f 609 580 552
f 553 582 581
f 581 552 553
f 554 583 582
f 582 553 554
f 555 584 583
f 583 554 555
f 556 585 584
f 584 555 556
f 557 586 585
f 585 556 557
f 558 587 586
f 586 557 558
f 559 588 587
f 587 558 559
f 560 589 588
f 588 559 560
f 561 590 589
f 589 560 561
f 562 591 590
f 590 561 562
f 563 592 591
f 591 562 563
f 564 593 592
f 592 563 564
f 565 594 593
f 593 564 565
f 566 595 594
f 594 565 566
f 567 596 595
f 595 566 567
f 568 597 596
f 596 567 568
f 569 598 597
f 597 568 569
f 570 599 598
f 598 569 570
f 571 600 599
f 599 570 571
f 572 601 600
f 600 571 572
f 573 602 601
f 601 572 573
f 574 603 602
f 602 573 574
f 575 604 603
f 603 574 575
f 576 605 604
f 604 575 576
f 577 606 605
f 605 576 577
f 578 607 606
f 606 577 578
f 579 608 607
f 607 578 579
f 580 609 608
f 608 579 580
f 581 610 638
f 638 609 581
f 582 611 610
f 610 581 582
f 583 612 611
f 611 582 583
f 584 613 612
f 612 583 584
f 585 614 613
f 613 584 585
f 586 615 614
f 614 585 586
f 587 616 615
f 615 586 587
f 588 617 616
f 616 587 588
f 589 618 617
f 617 588 589
f 590 619 618
f 618 589 590
f 591 620 619
f 619 590 591
f 592 621 620
f 620 591 592
f 593 622 621
f 621 592 593
f 594 623 622
f 622 593 594
f 595 624 623
f 623 594 595
f 596 625 624
f 624 595 596
f 597 626 625
f 625 596 597
f 598 627 626
f 626 597 598
f 599 628 627
f 627 598 599
f 600 629 628
f 628 599 600
f 601 630 629
f 629 600 601
f 602 631 630
f 630 601 602
f 603 632 631
f 631 602 603
f 604 633 632
f 632 603 604
f 605 634 633
f 633 604 605
f 606 635 634
f 634 605 606
f 607 636 635
f 635 606 607
f 608 637 636
f 636 607 608
f 609 638 637
f 637 608 609
f 610 639 667
f 667 638 610
f 611 640 639
f 639 610 611
f 612 641 640
f 640 611 612
f 613 642 641
f 641 612 613
f 614 643 642
f 642 613 614
f 615 644 643
f 643 614 615
f 616 645 644
f 644 615 616
f 617 646 645
f 645 616 617
f 618 647 646
f 646 617 618
f 619 648 647
f 647 618 619
f 620 649 648
f 648 619 620
f 621 650 649
f 649 620 621
f 622 651 650
f 650 621 622
f 623 652 651
f 651 622 623
f 624 653 652
f 652 623 624
f 625 654 653
f 653 624 625
f 626 655 654
f 654 625 626
f 627 656 655
f 655 626 627
f 628 657 656
f 656 627 628
f 629 658 657
f 657 628 629
f 630 659 658
f 658 629 630
f 631 660 659
f 659 630 631
f 632 661 660
f 660 631 632
f 633 662 661
f 661 632 633
f 634 663 662
f 662 633 634
f 635 664 663
f 663 634 635
f 636 665 664
f 664 635 636
f 637 666 665
f 665 636 637
f 638 667 666
f 666 637 638
f 639 668 696
f 696 667 639
f 640 669 668
f 668 639 640
f 641 670 669
f 669 640 641
f 642 671 670
f 670 641 642
f 643 672 671
f 671 642 643
f 644 673 672
f 672 643 644
f 645 674 673
f 673 644 645
f 646 675 674
f 674 645 646
f 647 676 675
f 675 646 647
f 648 677 676
f 676 647 648
f 649 678 677
f 677 648 649
f 650 679 678
f 678 649 650
f 651 680 679
f 679 650 651
f 652 681 680
f 680 651 652
f 653 682 681
f 681 652 653
f 654 683 682
f 682 653 654
f 655 684 683
f 683 654 655
f 656 685 684
f 684 655 656
f 657 686 685
f 685 656 657
f 658 687 686
f 686 657 658
f 659 688 687
f 687 658 659
f 660 689 688
f 688 659 660
f 661 690 689
f 689 660 661
f 662 691 690
f 690 661 662
f 663 692 691
f 691 662 663
f 664 693 692
f 692 663 664
f 665 694 693
f 693 664 665
f 666 695 694
f 694 665 666
f 667 696 695
f 695 666 667
f 668 697 725
f 725 696 668
f 669 698 697
f 697 668 669
f 670 699 698
f 698 669 670
f 671 700 699
f 699 670 671
f 672 701 700
f 700 671 672
f 673 702 701
f 701 672 673
f 674 703 702
f 702 673 674
f 675 704 703
f 703 674 675
f 676 705 704
f 704 675 676
f 677 706 705
f 705 676 677
f 678 707 706
f 706 677 678
f 679 708 707
f 707 678 679
f 680 709 708
f 708 679 680
f 681 710 709
f 709 680 681
f 682 711 710
f 710 681 682
f 683 712 711
f 711 682 683
f 684 713 712
f 712 683 684
f 685 714 713
f 713 684 685
f 686 715 714
f 714 685 686
f 687 716 715
f 715 686 687
f 688 717 716
f 716 687 688
f 689 718 717
f 717 688 689
f 690 719 718
f 718 689 690
f 691 720 719
f 719 690 691
f 692 721 720
f 720 691 692
f 693 722 721
f 721 692 693
f 694 723 722
f 722 693 694
f 695 724 723
f 723 694 695
f 696 725 724
f 724 695 696
f 697 726 754
f 754 725 697
f 698 727 726
f 726 697 698
f 699 728 727
f 727 698 699
f 700 729 728
f 728 699 700
f 701 730 729
f 729 700 701
f 702 731 730
f 730 701 702
f 703 732 731
f 731 702 703
f 704 733 732
f 732 703 704
f 705 734 733
f 733 704 705
f 706 735 734
f 734 705 706
f 707 736 735
f 735 706 707
f 708 737 736
f 736 707 708
f 709 738 737
f 737 708 709
f 710 739 738
f 738 709 710
f 711 740 739
f 739 710 711
f 712 741 740
f 740 711 712
f 713 742 741
f 741 712 713
f 714 743 742
f 742 713 714
f 715 744 743
f 743 714 715
f 716 745 744
f 744 715 716
f 717 746 745
f 745 716 717
f 718 747 746
f 746 717 718
f 719 748 747
f 747 718 719
f 720 749 748
f 748 719 720
f 721 750 749
f 749 720 721
f 722 751 750
f 750 721 722
f 723 752 751
f 751 722 723
f 724 753 752
f 752 723 724
f 725 754 753
f 753 724 725
f 726 755 783
f 783 754 726
f 727 756 755
f 755 726 727
f 728 757 756
f 756 727 728
f 729 758 757
f 757 728 729
f 730 759 758
f 758 729 730
f 731 760 759
f 759 730 731
f 732 761 760
f 760 731 732
f 733 762 761
f 761 732 733
f 734 763 762
f 762 733 734
f 735 764 763
f 763 734 735
f 736 765 764
f 764 735 736
f 737 766 765
f 765 736 737
f 738 767 766
f 766 737 738
f 739 768 767
f 767 738 739
f 740 769 768
f 768 739 740
f 741 770 769
f 769 740 741
f 742 771 770
f 770 741 742
f 743 772 771
f 771 742 743
f 744 773 772
f 772 743 744
f 745 774 773
f 773 744 745
f 746 775 774
f 774 745 746
f 747 776 775
f 775 746 747
f 748 777 776
f 776 747 748
f 749 778 777
f 777 748 749
f 750 779 778
f 778 749 750
f 751 780 779
f 779 750 751
f 752 781 780
f 780 751 752
f 753 782 781
f 781 752 753
f 754 783 782
f 782 753 754
f 755 784 812
f 812 783 755
f 756 785 784
f 784 755 756
f 757 786 785
f 785 756 757
f 758 787 786
f 786 757 758
f 759 788 787
f 787 758 759
f 760 789 788
f 788 759 760
f 761 790 789
f 789 760 761
f 762 791 790
f 790 761 762
f 763 792 791
f 791 762 763
f 764 793 792
f 792 763 764
f 765 794 793
f 793 764 765
f 766 795 794
f 794 765 766
f 767 796 795
f 795 766 767
f 768 797 796
f 796 767 768
f 769 798 797
f 797 768 769
f 770 799 798
f 798 769 770
f 771 800 799
f 799 770 771
f 772 801 800
f 800 771 772
f 773 802 801
f 801 772 773
f 774 803 802
f 802 773 774
f 775 804 803
f 803 774 775
f 776 805 804
f 804 775 776
f 777 806 805
f 805 776 777
f 778 807 806
f 806 777 778
f 779 808 807
f 807 778 779
f 780 809 808
f 808 779 780
f 781 810 809
f 809 780 781
f 782 811 810
f 810 781 782
f 783 812 811
f 811 782 783
f 784 813 841
f 841 812 784
f 785 814 813
f 813 784 785
f 786 815 814
f 814 785 786
f 787 816 815
f 815 786 787
f 788 817 816
f 816 787 788
f 789 818 817
f 817 788 789
f 790 819 818
f 818 789 790
f 791 820 819
f 819 790 791
f 792 821 820
f 820 791 792
f 793 822 821
f 821 792 793
f 794 823 822
f 822 793 794
f 795 824 823
f 823 794 795
f 796 825 824
f 824 795 796
f 797 826 825
f 825 796 797
f 798 827 826
f 826 797 798
f 799 828 827
f 827 798 799
f 800 829 828
f 828 799 800
f 801 830 829
f 829 800 801
f 802 831 830
f 830 801 802
f 803 832 831
f 831 802 803
f 804 833 832
f 832 803 804
f 805 834 833
f 833 804 805
f 806 835 834
f 834 805 806
f 807 836 835
f 835 806 807
f 808 837 836
f 836 807 808
f 809 838 837
f 837 808 809
f 810 839 838
f 838 809 810
f 811 840 839
f 839 810 811
f 812 841 840
f 840 811 812
f 813 842 870
f 870 841 813
f 842 841 842
f 814 843 842
f 842 813 814
f 842 842 843
f 815 844 843
f 843 814 815
f 842 843 844
f 816 845 844
f 844 815 816
f 842 844 845
f 817 846 845
f 845 816 817
f 842 845 846
f 818 847 846
f 846 817 818
f 842 846 847
f 819 848 847
f 847 818 819
f 842 847 848
f 820 849 848
f 848 819 820
f 842 848 849
f 821 850 849
f 849 820 821
f 842 849 850
f 822 851 850
f 850 821 822
f 842 850 851
f 823 852 851
f 851 822 823
f 842 851 852
f 824 853 852
f 852 823 824
f 842 852 853
f 825 854 853
f 853 824 825
f 842 853 854
f 826 855 854
f 854 825 826
f 842 854 855
f 827 856 855
f 855 826 827
f 842 855 856
f 828 857 856
f 856 827 828
f 842 856 857
f 829 858 857
f 857 828 829
f 842 857 858
f 830 859 858
f 858 829 830
f 842 858 859
f 831 860 859
f 859 830 831
f 842 859 860
f 832 861 860
f 860 831 832
f 842 860 861
f 833 862 861
f 861 832 833
f 842 861 862
f 834 863 862
f 862 833 834
f 842 862 863
f 835 864 863
f 863 834 835
f 842 863 864
f 836 865 864
f 864 835 836
f 842 864 865
f 837 866 865
f 865 836 837
f 842 865 866
f 838 867 866
f 866 837 838
f 842 866 867
f 839 868 867
f 867 838 839
f 842 867 868
f 840 869 868
f 868 839 840
f 842 868 869
f 841 870 869
f 869 840 841
f 842 869 870